0.128301728197345	0.203888456916785	-0.114435644713517	1
-0.594357241782568	-0.997113958416372	0.171652296302687	0
-0.186745329771914	-1	-1	0
-1	-0.527216640376663	0.833312847482279	0
-0.600767991345367	-0.364726157816093	0.874601721292744	0
-0.145392490226306	-0.115976005974867	0.335197466234160	0.143629317298873
0.0161874942326566	0.0556857381688939	0	0.175273855830834
0.0439424085039437	0.0809324346638698	0	-0.0707569493618747
0.0954890001213990	0.0635643988762777	0	-0.572125202702471
0.0336942010650905	0.0368473911521035	0	-0.217494298657186
-0.00554280049854155	0.0347903990721366	0.112993838944680	0.0324441366453139
-0.0476905444870936	-0.321812456637187	-0.651524571559716	-0.0381580392457060
-0.00525058583375231	0.00859661693554636	0.0696225442839099	0.0245819919396753
-0.0289739148538614	-0.0624473624941033	-0.191971674924132	-0.0989160136499702
-0.00550558477063298	0	0	0.0143243438415149
-0.0148578413174097	0	0	-0.0326689774757964
-0.165984636048420	0	0	0.670339647503357
-0.122028395418714	0	0	-0.504751569130184