Coord x, Coord y, Coord z, dir1, dir2, dir3, Instance Part
34.790400, -1.800720, 0.400444, 0, 0, 1, PINOS_PUENTE-1
34.790400, -1.800720, 0.400444, 0, -1, 0, PINOS_PUENTE-1
24.410307, -2.063793, 293.634E-03, 0, -1, 0, PINOS_PUENTE-1
44.587348, -1.828789, 551.42E-03, 0, -1, 0, PINOS_PUENTE-1
51.1146, -1.80077, 0.703614, 0, -1, 0, PINOS_PUENTE-1
57.771436, -2.154742, 761.396E-03, 0, -1, 0, PINOS_PUENTE-1
24.410307, -2.063793, 293.634E-03, 0, 0, 1, PINOS_PUENTE-1
44.587348, -1.828789, 551.42E-03, 0, 0, 1, PINOS_PUENTE-1
51.1146, -1.80077, 0.703614, 0, 0, 1, PINOS_PUENTE-1
57.771436, -2.154742, 761.396E-03, 0, 0, 1, PINOS_PUENTE-1
12.1002, -1.800770, 0.1176419, 0, 0, 1, PINOS_PUENTE-1
12.1002, -1.800770, 0.1176419, 0, -1, 0, PINOS_PUENTE-1
-2.774E-03, -1.977854, 81.347E-03, 0, 0, 1, PINOS_PUENTE-1
-2.774E-03, -1.977854, 81.347E-03, 0, -1, 0, PINOS_PUENTE-1
24.410307, -2.063793, 293.634E-03, 1, 0, 0, PINOS_PUENTE-1
12.3481, 2.70783, 0.163228, 0, 0, 1, PINOS_PUENTE-1
34.289500, 2.707640, 0.400045, 0, 0, 1, PINOS_PUENTE-1
51.2419, 2.70783, 0.724998, 0, 0, 1, PINOS_PUENTE-1
