

GEOMETRY DEFINITION


*NODES ID, X, Y, X
1,0.,-1.5,0.
2,2.64,-1.5,0.
3,4.031359,-1.5,3.438032
4,12.81,-1.5,7.633393
5,19.389442,-1.5,5.181117
6,21.309952,-1.5,3.037922
7,22.129999,-1.5,-2.33
8,26.93,-1.5,-130.E-03
9,32.23,-1.5,4.67
10,23.075525,-1.5,6.438413
11,12.81,-1.5,8.87
12,1.486915,-1.5,6.156385
13,-1.57,-1.5,5.82
14,0.,1.5,0.
15,2.64,1.5,0.
16,4.031359,1.5,3.438032
17,12.81,1.5,7.633393
18,19.389442,1.5,5.181117
19,21.309952,1.5,3.037922
20,22.129999,1.5,-2.33
21,26.93,1.5,-130.E-03
22,32.23,1.5,4.67
23,23.075525,1.5,6.438413
24,12.81,1.5,8.87
25,1.486915,1.5,6.156385
26,-1.57,1.5,5.82
*END

   
*LINES NODE 1 - NODE 2
13,12
12,11
11,10
10,9
*END
 
 
*SENSORS [ID,DIR (1-x, 2-y, 3-z),NAME]   
12, 0, 0, 1, Channel-1
12, 0, -1, 0, Channel-2
25, 0, 0, 1, Channel-3
25, 0, 1, 0, Channel-4
11, 0, 0, 1, Channel-5
11, 0, -1, 0, Channel-6
24, 0, 0, 1, Channel-7	
24, 0, 1, 0, Channel-8
10, 0, 0, 1, Channel-9
10, 0, -1, 0, Channel-10
23, 0, 0, 1, Channel-11
23, 0, 1, 0, Channel-12
*END

*COLOR PLANE
1,2,13
2,13,12
2,12,3
3,12,4
4,12,11
4,11,5
5,11,10
5,10,6
6,7,8
8,6,10
8,10,9
14,15,26
15,26,25
15,25,16
16,25,17
17,25,24
17,24,18
18,24,23
18,23,19
19,20,21
21,19,23
21,23,22
13,26,12
12,26,25
12,25,11
11,25,24
11,24,23
11,23,10
10,23,9
9,23,22
*END


*KINETIC EQUATIONS
Nodes[13] = Nodes[13]+U[12]
Nodes[3] = Nodes[3]+U[12]/2.
Nodes[4] = Nodes[4]+U[11]
Nodes[5] = Nodes[5]+U[10]
Nodes[6] = Nodes[6]+U[10]/2.
Nodes[9] = Nodes[9]+U[10]
Nodes[26] = Nodes[26]+U[25]
Nodes[16] = Nodes[16]+U[25]/2.
Nodes[17] = Nodes[17]+U[24]
Nodes[18] = Nodes[18]+U[23]
Nodes[19] = Nodes[19]+U[23]/2.
Nodes[22] = Nodes[22]+U[23]
*END

